***********************************
* dE/dx data from Fluka 2011.2b-3
* for PROTON (Z=1), 4-HELIUM (Z=2)
* and HEAVYION (Z>=3)
* for ALUMINUMOXIDE (ICRU #106)
* given in keV/µm!
*
* SG, 2015-01-15
***********************************
Z E.MeV.u dE.dx.keV.um
1 4.90E-02 2.07E+02
1 5.08E-02 2.08E+02
1 5.28E-02 2.09E+02
1 5.47E-02 2.10E+02
1 5.68E-02 2.11E+02
1 5.89E-02 2.12E+02
1 6.12E-02 2.13E+02
1 6.35E-02 2.14E+02
1 6.58E-02 2.14E+02
1 6.83E-02 2.15E+02
1 7.09E-02 2.15E+02
1 7.35E-02 2.15E+02
1 7.63E-02 2.15E+02
1 7.92E-02 2.15E+02
1 8.22E-02 2.15E+02
1 8.52E-02 2.15E+02
1 8.84E-02 2.15E+02
1 9.18E-02 2.14E+02
1 9.52E-02 2.13E+02
1 9.88E-02 2.13E+02
1 1.03E-01 2.12E+02
1 1.06E-01 2.11E+02
1 1.10E-01 2.10E+02
1 1.15E-01 2.09E+02
1 1.19E-01 2.07E+02
1 1.23E-01 2.06E+02
1 1.28E-01 2.04E+02
1 1.33E-01 2.03E+02
1 1.38E-01 2.01E+02
1 1.43E-01 1.99E+02
1 1.48E-01 1.97E+02
1 1.54E-01 1.95E+02
1 1.60E-01 1.93E+02
1 1.66E-01 1.91E+02
1 1.72E-01 1.89E+02
1 1.78E-01 1.86E+02
1 1.85E-01 1.84E+02
1 1.92E-01 1.82E+02
1 1.99E-01 1.79E+02
1 2.07E-01 1.77E+02
1 2.15E-01 1.74E+02
1 2.23E-01 1.71E+02
1 2.31E-01 1.69E+02
1 2.40E-01 1.66E+02
1 2.49E-01 1.64E+02
1 2.58E-01 1.61E+02
1 2.68E-01 1.58E+02
1 2.78E-01 1.56E+02
1 2.88E-01 1.53E+02
1 2.99E-01 1.51E+02
1 3.10E-01 1.48E+02
1 3.22E-01 1.45E+02
1 3.34E-01 1.43E+02
1 3.47E-01 1.40E+02
1 3.60E-01 1.38E+02
1 3.73E-01 1.35E+02
1 3.87E-01 1.32E+02
1 4.02E-01 1.30E+02
1 4.17E-01 1.27E+02
1 4.32E-01 1.25E+02
1 4.49E-01 1.23E+02
1 4.66E-01 1.20E+02
1 4.83E-01 1.18E+02
1 5.01E-01 1.15E+02
1 5.20E-01 1.13E+02
1 5.40E-01 1.11E+02
1 5.60E-01 1.09E+02
1 5.81E-01 1.06E+02
1 6.03E-01 1.04E+02
1 6.25E-01 1.02E+02
1 6.49E-01 9.97E+01
1 6.73E-01 9.76E+01
1 6.99E-01 9.55E+01
1 7.25E-01 9.34E+01
1 7.52E-01 9.13E+01
1 7.80E-01 8.93E+01
1 8.10E-01 8.73E+01
1 8.40E-01 8.53E+01
1 8.72E-01 8.33E+01
1 9.04E-01 8.14E+01
1 9.38E-01 7.95E+01
1 9.74E-01 7.76E+01
1 1.01E+00 7.45E+01
1 1.05E+00 7.27E+01
1 1.09E+00 7.09E+01
1 1.13E+00 6.91E+01
1 1.17E+00 6.74E+01
1 1.22E+00 6.57E+01
1 1.26E+00 6.41E+01
1 1.31E+00 6.25E+01
1 1.36E+00 6.09E+01
1 1.41E+00 5.93E+01
1 1.46E+00 5.78E+01
1 1.52E+00 5.63E+01
1 1.57E+00 5.48E+01
1 1.63E+00 5.34E+01
1 1.69E+00 5.20E+01
1 1.76E+00 5.06E+01
1 1.82E+00 4.93E+01
1 1.89E+00 4.80E+01
1 1.96E+00 4.67E+01
1 2.04E+00 4.55E+01
1 2.11E+00 4.43E+01
1 2.19E+00 4.31E+01
1 2.27E+00 4.20E+01
1 2.36E+00 4.09E+01
1 2.45E+00 3.99E+01
1 2.54E+00 3.88E+01
1 2.64E+00 3.78E+01
1 2.73E+00 3.69E+01
1 2.84E+00 3.59E+01
1 2.94E+00 3.50E+01
1 3.05E+00 3.41E+01
1 3.17E+00 3.32E+01
1 3.29E+00 3.23E+01
1 3.41E+00 3.15E+01
1 3.54E+00 3.07E+01
1 3.67E+00 2.98E+01
1 3.81E+00 2.91E+01
1 3.95E+00 2.83E+01
1 4.10E+00 2.75E+01
1 4.25E+00 2.68E+01
1 4.41E+00 2.61E+01
1 4.58E+00 2.54E+01
1 4.75E+00 2.47E+01
1 4.93E+00 2.40E+01
1 5.11E+00 2.34E+01
1 5.31E+00 2.28E+01
1 5.51E+00 2.21E+01
1 5.71E+00 2.15E+01
1 5.93E+00 2.09E+01
1 6.15E+00 2.04E+01
1 6.38E+00 1.98E+01
1 6.62E+00 1.93E+01
1 6.86E+00 1.87E+01
1 7.12E+00 1.82E+01
1 7.39E+00 1.77E+01
1 7.67E+00 1.72E+01
1 7.95E+00 1.68E+01
1 8.25E+00 1.63E+01
1 8.56E+00 1.58E+01
1 8.88E+00 1.54E+01
1 9.21E+00 1.50E+01
1 9.56E+00 1.45E+01
1 9.91E+00 1.41E+01
1 1.03E+01 1.37E+01
1 1.07E+01 1.34E+01
1 1.11E+01 1.30E+01
1 1.15E+01 1.26E+01
1 1.19E+01 1.23E+01
1 1.24E+01 1.19E+01
1 1.28E+01 1.16E+01
1 1.33E+01 1.13E+01
1 1.38E+01 1.09E+01
1 1.43E+01 1.06E+01
1 1.48E+01 1.03E+01
1 1.54E+01 1.00E+01
1 1.60E+01 9.74E+00
1 1.66E+01 9.47E+00
1 1.72E+01 9.20E+00
1 1.78E+01 8.94E+00
1 1.85E+01 8.68E+00
1 1.92E+01 8.43E+00
1 1.99E+01 8.19E+00
1 2.06E+01 7.96E+00
1 2.14E+01 7.74E+00
1 2.22E+01 7.52E+00
1 2.30E+01 7.30E+00
1 2.39E+01 7.09E+00
1 2.48E+01 6.89E+00
1 2.57E+01 6.70E+00
1 2.66E+01 6.51E+00
1 2.76E+01 6.32E+00
1 2.86E+01 6.14E+00
1 2.97E+01 5.97E+00
1 3.08E+01 5.80E+00
1 3.19E+01 5.64E+00
1 3.31E+01 5.48E+00
1 3.43E+01 5.32E+00
1 3.56E+01 5.17E+00
1 3.69E+01 5.03E+00
1 3.83E+01 4.89E+00
1 3.97E+01 4.75E+00
1 4.11E+01 4.62E+00
1 4.27E+01 4.49E+00
1 4.42E+01 4.36E+00
1 4.58E+01 4.24E+00
1 4.75E+01 4.12E+00
1 4.93E+01 4.01E+00
1 5.11E+01 3.90E+00
1 5.29E+01 3.79E+00
1 5.49E+01 3.69E+00
1 5.69E+01 3.58E+00
1 5.90E+01 3.49E+00
1 6.11E+01 3.39E+00
1 6.33E+01 3.30E+00
1 6.56E+01 3.21E+00
1 6.80E+01 3.12E+00
1 7.05E+01 3.04E+00
1 7.30E+01 2.96E+00
1 7.57E+01 2.88E+00
1 7.84E+01 2.80E+00
1 8.13E+01 2.73E+00
1 8.42E+01 2.66E+00
1 8.72E+01 2.59E+00
1 9.03E+01 2.52E+00
1 9.36E+01 2.46E+00
1 9.69E+01 2.39E+00
1 1.00E+02 2.33E+00
1 1.04E+02 2.27E+00
1 1.08E+02 2.22E+00
1 1.12E+02 2.16E+00
1 1.16E+02 2.11E+00
1 1.20E+02 2.06E+00
1 1.24E+02 2.01E+00
1 1.28E+02 1.96E+00
1 1.33E+02 1.91E+00
1 1.37E+02 1.86E+00
1 1.42E+02 1.82E+00
1 1.47E+02 1.78E+00
1 1.52E+02 1.74E+00
1 1.58E+02 1.70E+00
1 1.63E+02 1.66E+00
1 1.69E+02 1.62E+00
1 1.75E+02 1.59E+00
1 1.81E+02 1.55E+00
1 1.87E+02 1.52E+00
1 1.93E+02 1.48E+00
1 2.00E+02 1.45E+00
1 2.07E+02 1.42E+00
1 2.14E+02 1.39E+00
1 2.21E+02 1.36E+00
1 2.29E+02 1.34E+00
1 2.36E+02 1.31E+00
1 2.44E+02 1.28E+00
1 2.53E+02 1.26E+00
1 2.61E+02 1.24E+00
1 2.70E+02 1.21E+00
1 2.79E+02 1.19E+00
1 2.88E+02 1.17E+00
1 2.98E+02 1.15E+00
1 3.07E+02 1.13E+00
1 3.17E+02 1.11E+00
1 3.28E+02 1.09E+00
1 3.38E+02 1.07E+00
1 3.49E+02 1.05E+00
1 3.61E+02 1.04E+00
1 3.72E+02 1.02E+00
1 3.84E+02 1.01E+00
1 3.97E+02 9.90E-01
1 4.09E+02 9.75E-01
1 4.22E+02 9.61E-01
1 4.36E+02 9.48E-01
1 4.49E+02 9.35E-01
1 4.63E+02 9.22E-01
1 4.78E+02 9.10E-01
1 4.93E+02 8.98E-01
1 5.08E+02 8.87E-01
1 5.24E+02 8.76E-01
1 5.40E+02 8.66E-01
1 5.56E+02 8.56E-01
1 5.73E+02 8.46E-01
1 5.90E+02 8.36E-01
1 6.08E+02 8.27E-01
1 6.27E+02 8.19E-01
1 6.45E+02 8.11E-01
1 6.64E+02 8.03E-01
1 6.84E+02 7.95E-01
1 7.04E+02 7.88E-01
1 7.25E+02 7.80E-01
1 7.46E+02 7.74E-01
1 7.68E+02 7.67E-01
1 7.90E+02 7.61E-01
1 8.13E+02 7.55E-01
1 8.36E+02 7.49E-01
1 8.60E+02 7.44E-01
1 8.85E+02 7.39E-01
1 9.10E+02 7.33E-01
1 9.35E+02 7.29E-01
1 9.61E+02 7.24E-01
1 9.88E+02 7.20E-01
1 1.02E+03 7.16E-01
1 1.04E+03 7.12E-01
1 1.07E+03 7.08E-01
1 1.10E+03 7.04E-01
1 1.13E+03 7.01E-01
1 1.16E+03 6.97E-01
1 1.19E+03 6.94E-01
1 1.23E+03 6.91E-01
1 1.26E+03 6.88E-01
1 1.29E+03 6.86E-01
1 1.33E+03 6.83E-01
1 1.36E+03 6.81E-01
1 1.40E+03 6.79E-01
1 1.43E+03 6.76E-01
1 1.47E+03 6.74E-01
1 1.51E+03 6.73E-01
1 1.55E+03 6.71E-01
1 1.59E+03 6.69E-01
1 1.63E+03 6.68E-01
1 1.67E+03 6.66E-01
1 1.71E+03 6.65E-01
1 1.76E+03 6.64E-01
1 1.80E+03 6.62E-01
1 1.85E+03 6.61E-01
1 1.89E+03 6.60E-01
1 1.94E+03 6.60E-01
1 1.99E+03 6.59E-01
1 2.03E+03 6.58E-01
1 2.08E+03 6.57E-01
1 2.14E+03 6.57E-01
1 2.19E+03 6.56E-01
1 2.24E+03 6.56E-01
1 2.29E+03 6.56E-01
1 2.35E+03 6.55E-01
1 2.41E+03 6.55E-01
1 2.46E+03 6.55E-01
1 2.52E+03 6.55E-01
1 2.58E+03 6.55E-01
1 2.64E+03 6.55E-01
1 2.71E+03 6.55E-01
1 2.77E+03 6.55E-01
1 2.83E+03 6.55E-01
1 2.90E+03 6.55E-01
1 2.97E+03 6.55E-01
1 3.03E+03 6.56E-01
1 3.10E+03 6.56E-01
1 3.18E+03 6.56E-01
1 3.25E+03 6.57E-01
1 3.32E+03 6.57E-01
1 3.40E+03 6.58E-01
1 3.48E+03 6.58E-01
1 3.55E+03 6.59E-01
1 3.63E+03 6.59E-01
1 3.72E+03 6.60E-01
1 3.80E+03 6.60E-01
2 1.23E-02 2.26E+02
2 1.28E-02 2.31E+02
2 1.33E-02 2.37E+02
2 1.39E-02 2.42E+02
2 1.44E-02 2.47E+02
2 1.50E-02 2.53E+02
2 1.57E-02 2.58E+02
2 1.63E-02 2.64E+02
2 1.70E-02 2.70E+02
2 1.77E-02 2.76E+02
2 1.85E-02 2.81E+02
2 1.92E-02 2.87E+02
2 2.01E-02 2.93E+02
2 2.09E-02 3.00E+02
2 2.18E-02 3.06E+02
2 2.27E-02 3.12E+02
2 2.36E-02 3.18E+02
2 2.46E-02 3.24E+02
2 2.57E-02 3.31E+02
2 2.67E-02 3.37E+02
2 2.79E-02 3.43E+02
2 2.90E-02 3.50E+02
2 3.02E-02 3.56E+02
2 3.15E-02 3.62E+02
2 3.28E-02 3.69E+02
2 3.42E-02 3.75E+02
2 3.56E-02 3.81E+02
2 3.71E-02 3.88E+02
2 3.87E-02 3.94E+02
2 4.03E-02 4.01E+02
2 4.20E-02 4.07E+02
2 4.38E-02 4.13E+02
2 4.56E-02 4.19E+02
2 4.75E-02 4.26E+02
2 4.95E-02 4.32E+02
2 5.16E-02 4.38E+02
2 5.37E-02 4.44E+02
2 5.60E-02 4.50E+02
2 5.83E-02 4.57E+02
2 6.08E-02 4.63E+02
2 6.33E-02 4.68E+02
2 6.60E-02 4.74E+02
2 6.88E-02 4.80E+02
2 7.16E-02 4.86E+02
2 7.46E-02 4.92E+02
2 7.78E-02 4.97E+02
2 8.10E-02 5.03E+02
2 8.44E-02 5.08E+02
2 8.80E-02 5.13E+02
2 9.17E-02 5.18E+02
2 9.55E-02 5.23E+02
2 9.95E-02 5.28E+02
2 1.04E-01 5.32E+02
2 1.08E-01 5.36E+02
2 1.13E-01 5.40E+02
2 1.17E-01 5.44E+02
2 1.22E-01 5.48E+02
2 1.27E-01 5.51E+02
2 1.33E-01 5.54E+02
2 1.38E-01 5.57E+02
2 1.44E-01 5.59E+02
2 1.50E-01 5.61E+02
2 1.56E-01 5.62E+02
2 1.63E-01 5.63E+02
2 1.70E-01 5.64E+02
2 1.77E-01 5.64E+02
2 1.84E-01 5.64E+02
2 1.92E-01 5.64E+02
2 2.00E-01 5.63E+02
2 2.08E-01 5.61E+02
2 2.17E-01 5.59E+02
2 2.26E-01 5.57E+02
2 2.36E-01 5.54E+02
2 2.46E-01 5.50E+02
2 2.56E-01 5.46E+02
2 2.67E-01 5.42E+02
2 2.78E-01 5.37E+02
2 2.89E-01 5.31E+02
2 3.02E-01 5.26E+02
2 3.14E-01 5.19E+02
2 3.27E-01 5.13E+02
2 3.41E-01 5.06E+02
2 3.55E-01 4.99E+02
2 3.70E-01 4.91E+02
2 3.86E-01 4.84E+02
2 4.02E-01 4.76E+02
2 4.19E-01 4.68E+02
2 4.36E-01 4.60E+02
2 4.55E-01 4.52E+02
2 4.74E-01 4.43E+02
2 4.94E-01 4.35E+02
2 5.14E-01 4.27E+02
2 5.36E-01 4.18E+02
2 5.58E-01 4.10E+02
2 5.82E-01 4.02E+02
2 6.06E-01 3.93E+02
2 6.31E-01 3.85E+02
2 6.58E-01 3.76E+02
2 6.85E-01 3.68E+02
2 7.14E-01 3.60E+02
2 7.44E-01 3.51E+02
2 7.75E-01 3.43E+02
2 8.08E-01 3.35E+02
2 8.42E-01 3.27E+02
2 8.77E-01 3.19E+02
2 9.14E-01 3.11E+02
2 9.52E-01 3.04E+02
2 9.92E-01 2.96E+02
2 1.03E+00 2.88E+02
2 1.08E+00 2.81E+02
2 1.12E+00 2.74E+02
2 1.17E+00 2.66E+02
2 1.22E+00 2.59E+02
2 1.27E+00 2.52E+02
2 1.32E+00 2.46E+02
2 1.38E+00 2.39E+02
2 1.43E+00 2.32E+02
2 1.49E+00 2.26E+02
2 1.56E+00 2.20E+02
2 1.62E+00 2.13E+02
2 1.69E+00 2.07E+02
2 1.76E+00 2.02E+02
2 1.84E+00 1.96E+02
2 1.91E+00 1.90E+02
2 1.99E+00 1.85E+02
2 2.08E+00 1.80E+02
2 2.16E+00 1.75E+02
2 2.25E+00 1.70E+02
2 2.35E+00 1.65E+02
2 2.45E+00 1.60E+02
2 2.55E+00 1.55E+02
2 2.66E+00 1.51E+02
2 2.77E+00 1.47E+02
2 2.88E+00 1.43E+02
2 3.00E+00 1.39E+02
2 3.13E+00 1.35E+02
2 3.26E+00 1.31E+02
2 3.40E+00 1.27E+02
2 3.54E+00 1.23E+02
2 3.69E+00 1.20E+02
2 3.84E+00 1.16E+02
2 4.00E+00 1.13E+02
2 4.17E+00 1.10E+02
2 4.34E+00 1.06E+02
2 4.52E+00 1.03E+02
2 4.71E+00 1.00E+02
2 4.91E+00 9.70E+01
2 5.12E+00 9.41E+01
2 5.33E+00 9.12E+01
2 5.55E+00 8.84E+01
2 5.78E+00 8.58E+01
2 6.03E+00 8.31E+01
2 6.28E+00 8.06E+01
2 6.54E+00 7.81E+01
2 6.81E+00 7.57E+01
2 7.10E+00 7.34E+01
2 7.39E+00 7.11E+01
2 7.70E+00 6.89E+01
2 8.02E+00 6.67E+01
2 8.36E+00 6.47E+01
2 8.71E+00 6.26E+01
2 9.07E+00 6.07E+01
2 9.45E+00 5.88E+01
2 9.84E+00 5.69E+01
2 1.03E+01 5.51E+01
2 1.07E+01 5.34E+01
2 1.11E+01 5.17E+01
2 1.16E+01 5.01E+01
2 1.21E+01 4.85E+01
2 1.26E+01 4.70E+01
2 1.31E+01 4.55E+01
2 1.36E+01 4.40E+01
2 1.42E+01 4.26E+01
2 1.48E+01 4.13E+01
2 1.54E+01 4.00E+01
2 1.61E+01 3.87E+01
2 1.67E+01 3.75E+01
2 1.74E+01 3.63E+01
2 1.81E+01 3.51E+01
2 1.89E+01 3.40E+01
2 1.97E+01 3.29E+01
2 2.05E+01 3.19E+01
2 2.13E+01 3.09E+01
2 2.22E+01 2.99E+01
2 2.32E+01 2.89E+01
2 2.41E+01 2.80E+01
2 2.51E+01 2.71E+01
2 2.62E+01 2.63E+01
2 2.72E+01 2.55E+01
2 2.84E+01 2.47E+01
2 2.95E+01 2.39E+01
2 3.08E+01 2.31E+01
2 3.20E+01 2.24E+01
2 3.33E+01 2.17E+01
2 3.47E+01 2.10E+01
2 3.61E+01 2.04E+01
2 3.76E+01 1.97E+01
2 3.92E+01 1.91E+01
2 4.08E+01 1.85E+01
2 4.24E+01 1.80E+01
2 4.42E+01 1.74E+01
2 4.60E+01 1.69E+01
2 4.79E+01 1.64E+01
2 4.98E+01 1.59E+01
2 5.19E+01 1.54E+01
2 5.40E+01 1.49E+01
2 5.62E+01 1.45E+01
2 5.85E+01 1.40E+01
2 6.08E+01 1.36E+01
2 6.33E+01 1.32E+01
2 6.59E+01 1.28E+01
2 6.85E+01 1.24E+01
2 7.13E+01 1.21E+01
2 7.42E+01 1.17E+01
2 7.72E+01 1.14E+01
2 8.03E+01 1.10E+01
2 8.35E+01 1.07E+01
2 8.69E+01 1.04E+01
2 9.03E+01 1.01E+01
2 9.39E+01 9.81E+00
2 9.77E+01 9.53E+00
2 1.02E+02 9.26E+00
2 1.06E+02 9.00E+00
2 1.10E+02 8.74E+00
2 1.14E+02 8.50E+00
2 1.19E+02 8.27E+00
2 1.23E+02 8.04E+00
2 1.28E+02 7.82E+00
2 1.33E+02 7.61E+00
2 1.38E+02 7.41E+00
2 1.44E+02 7.22E+00
2 1.50E+02 7.03E+00
2 1.55E+02 6.85E+00
2 1.61E+02 6.67E+00
2 1.68E+02 6.51E+00
2 1.74E+02 6.34E+00
2 1.81E+02 6.19E+00
2 1.88E+02 6.04E+00
2 1.95E+02 5.89E+00
2 2.02E+02 5.75E+00
2 2.10E+02 5.62E+00
2 2.18E+02 5.49E+00
2 2.26E+02 5.37E+00
2 2.35E+02 5.25E+00
2 2.44E+02 5.13E+00
2 2.53E+02 5.02E+00
2 2.62E+02 4.92E+00
2 2.72E+02 4.81E+00
2 2.82E+02 4.72E+00
2 2.93E+02 4.62E+00
2 3.03E+02 4.53E+00
2 3.14E+02 4.44E+00
2 3.26E+02 4.36E+00
2 3.38E+02 4.28E+00
2 3.50E+02 4.20E+00
2 3.62E+02 4.13E+00
2 3.75E+02 4.06E+00
2 3.89E+02 3.99E+00
2 4.03E+02 3.92E+00
2 4.17E+02 3.86E+00
2 4.32E+02 3.80E+00
2 4.47E+02 3.74E+00
2 4.62E+02 3.69E+00
2 4.78E+02 3.63E+00
2 4.95E+02 3.58E+00
2 5.12E+02 3.53E+00
2 5.30E+02 3.48E+00
2 5.48E+02 3.44E+00
2 5.66E+02 3.39E+00
2 5.85E+02 3.35E+00
2 6.05E+02 3.31E+00
2 6.25E+02 3.27E+00
2 6.46E+02 3.24E+00
2 6.68E+02 3.20E+00
2 6.90E+02 3.17E+00
2 7.12E+02 3.13E+00
2 7.35E+02 3.10E+00
2 7.59E+02 3.07E+00
2 7.84E+02 3.05E+00
2 8.09E+02 3.02E+00
2 8.35E+02 2.99E+00
2 8.61E+02 2.97E+00
2 8.88E+02 2.95E+00
2 9.16E+02 2.93E+00
2 9.45E+02 2.90E+00
2 9.74E+02 2.88E+00
2 1.00E+03 2.87E+00
2 1.04E+03 2.85E+00
2 1.07E+03 2.83E+00
2 1.10E+03 2.81E+00
2 1.13E+03 2.80E+00
2 1.17E+03 2.79E+00
2 1.20E+03 2.77E+00
2 1.24E+03 2.76E+00
2 1.28E+03 2.75E+00
2 1.31E+03 2.74E+00
2 1.35E+03 2.72E+00
2 1.39E+03 2.71E+00
2 1.43E+03 2.71E+00
2 1.47E+03 2.70E+00
2 1.52E+03 2.69E+00
2 1.56E+03 2.68E+00
2 1.60E+03 2.67E+00
2 1.65E+03 2.67E+00
2 1.70E+03 2.66E+00
2 1.74E+03 2.66E+00
2 1.79E+03 2.65E+00
2 1.84E+03 2.65E+00
2 1.89E+03 2.64E+00
2 1.95E+03 2.64E+00
2 2.00E+03 2.63E+00
2 2.05E+03 2.63E+00
2 2.11E+03 2.63E+00
2 2.17E+03 2.63E+00
2 2.23E+03 2.62E+00
2 2.29E+03 2.62E+00
2 2.35E+03 2.62E+00
2 2.41E+03 2.62E+00
2 2.47E+03 2.62E+00
2 2.54E+03 2.62E+00
2 2.61E+03 2.62E+00
2 2.67E+03 2.62E+00
2 2.74E+03 2.62E+00
2 2.82E+03 2.62E+00
2 2.89E+03 2.62E+00
2 2.96E+03 2.62E+00
2 3.04E+03 2.62E+00
2 3.12E+03 2.63E+00
2 3.20E+03 2.63E+00
2 3.28E+03 2.63E+00
2 3.36E+03 2.63E+00
2 3.45E+03 2.63E+00
2 3.53E+03 2.64E+00
2 3.62E+03 2.64E+00
2 3.71E+03 2.64E+00
2 3.80E+03 2.64E+00
6 1.22E-02 5.59E+02
6 1.28E-02 5.73E+02
6 1.33E-02 5.88E+02
6 1.39E-02 6.04E+02
6 1.44E-02 6.20E+02
6 1.50E-02 6.36E+02
6 1.57E-02 6.53E+02
6 1.63E-02 6.70E+02
6 1.70E-02 6.88E+02
6 1.77E-02 7.06E+02
6 1.85E-02 7.24E+02
6 1.92E-02 7.43E+02
6 2.00E-02 7.63E+02
6 2.09E-02 7.83E+02
6 2.18E-02 8.03E+02
6 2.27E-02 8.23E+02
6 2.36E-02 8.45E+02
6 2.46E-02 8.66E+02
6 2.56E-02 8.88E+02
6 2.67E-02 9.11E+02
6 2.78E-02 9.34E+02
6 2.90E-02 9.57E+02
6 3.02E-02 9.81E+02
6 3.15E-02 1.01E+03
6 3.28E-02 1.03E+03
6 3.42E-02 1.05E+03
6 3.56E-02 1.08E+03
6 3.71E-02 1.11E+03
6 3.87E-02 1.13E+03
6 4.03E-02 1.16E+03
6 4.20E-02 1.19E+03
6 4.37E-02 1.21E+03
6 4.56E-02 1.24E+03
6 4.75E-02 1.27E+03
6 4.95E-02 1.30E+03
6 5.15E-02 1.33E+03
6 5.37E-02 1.36E+03
6 5.59E-02 1.39E+03
6 5.83E-02 1.42E+03
6 6.07E-02 1.45E+03
6 6.33E-02 1.48E+03
6 6.59E-02 1.51E+03
6 6.87E-02 1.54E+03
6 7.16E-02 1.57E+03
6 7.46E-02 1.60E+03
6 7.77E-02 1.64E+03
6 8.10E-02 1.67E+03
6 8.43E-02 1.70E+03
6 8.79E-02 1.73E+03
6 9.16E-02 1.76E+03
6 9.54E-02 1.79E+03
6 9.94E-02 1.82E+03
6 1.04E-01 1.85E+03
6 1.08E-01 1.89E+03
6 1.12E-01 1.91E+03
6 1.17E-01 1.94E+03
6 1.22E-01 1.97E+03
6 1.27E-01 2.00E+03
6 1.33E-01 2.03E+03
6 1.38E-01 2.05E+03
6 1.44E-01 2.08E+03
6 1.50E-01 2.10E+03
6 1.56E-01 2.12E+03
6 1.63E-01 2.15E+03
6 1.70E-01 2.17E+03
6 1.77E-01 2.18E+03
6 1.84E-01 2.20E+03
6 1.92E-01 2.22E+03
6 2.00E-01 2.23E+03
6 2.08E-01 2.24E+03
6 2.17E-01 2.25E+03
6 2.26E-01 2.26E+03
6 2.36E-01 2.27E+03
6 2.45E-01 2.27E+03
6 2.56E-01 2.28E+03
6 2.66E-01 2.28E+03
6 2.78E-01 2.28E+03
6 2.89E-01 2.28E+03
6 3.01E-01 2.27E+03
6 3.14E-01 2.27E+03
6 3.27E-01 2.26E+03
6 3.41E-01 2.25E+03
6 3.55E-01 2.24E+03
6 3.70E-01 2.24E+03
6 3.85E-01 2.23E+03
6 4.02E-01 2.21E+03
6 4.18E-01 2.20E+03
6 4.36E-01 2.19E+03
6 4.54E-01 2.18E+03
6 4.73E-01 2.17E+03
6 4.93E-01 2.15E+03
6 5.14E-01 2.14E+03
6 5.35E-01 2.13E+03
6 5.58E-01 2.11E+03
6 5.81E-01 2.10E+03
6 6.06E-01 2.09E+03
6 6.31E-01 2.07E+03
6 6.57E-01 2.06E+03
6 6.85E-01 2.04E+03
6 7.14E-01 2.03E+03
6 7.43E-01 2.01E+03
6 7.75E-01 1.99E+03
6 8.07E-01 1.97E+03
6 8.41E-01 1.95E+03
6 8.76E-01 1.93E+03
6 9.13E-01 1.91E+03
6 9.51E-01 1.89E+03
6 9.91E-01 1.87E+03
6 1.03E+00 1.85E+03
6 1.08E+00 1.82E+03
6 1.12E+00 1.80E+03
6 1.17E+00 1.77E+03
6 1.22E+00 1.75E+03
6 1.27E+00 1.72E+03
6 1.32E+00 1.69E+03
6 1.38E+00 1.67E+03
6 1.43E+00 1.64E+03
6 1.49E+00 1.61E+03
6 1.56E+00 1.59E+03
6 1.62E+00 1.56E+03
6 1.69E+00 1.54E+03
6 1.76E+00 1.51E+03
6 1.83E+00 1.48E+03
6 1.91E+00 1.45E+03
6 1.99E+00 1.43E+03
6 2.07E+00 1.40E+03
6 2.16E+00 1.37E+03
6 2.25E+00 1.35E+03
6 2.35E+00 1.32E+03
6 2.44E+00 1.29E+03
6 2.55E+00 1.26E+03
6 2.65E+00 1.23E+03
6 2.76E+00 1.21E+03
6 2.88E+00 1.18E+03
6 3.00E+00 1.15E+03
6 3.13E+00 1.12E+03
6 3.26E+00 1.09E+03
6 3.39E+00 1.07E+03
6 3.54E+00 1.04E+03
6 3.68E+00 1.01E+03
6 3.84E+00 9.87E+02
6 4.00E+00 9.61E+02
6 4.16E+00 9.35E+02
6 4.34E+00 9.10E+02
6 4.52E+00 8.85E+02
6 4.71E+00 8.60E+02
6 4.91E+00 8.36E+02
6 5.11E+00 8.13E+02
6 5.33E+00 7.90E+02
6 5.55E+00 7.68E+02
6 5.78E+00 7.46E+02
6 6.02E+00 7.24E+02
6 6.27E+00 7.03E+02
6 6.53E+00 6.83E+02
6 6.81E+00 6.63E+02
6 7.09E+00 6.44E+02
6 7.39E+00 6.25E+02
6 7.70E+00 6.06E+02
6 8.02E+00 5.88E+02
6 8.35E+00 5.71E+02
6 8.70E+00 5.54E+02
6 9.07E+00 5.37E+02
6 9.44E+00 5.21E+02
6 9.83E+00 5.05E+02
6 1.02E+01 4.89E+02
6 1.07E+01 4.75E+02
6 1.11E+01 4.60E+02
6 1.16E+01 4.46E+02
6 1.21E+01 4.32E+02
6 1.26E+01 4.19E+02
6 1.31E+01 4.06E+02
6 1.36E+01 3.93E+02
6 1.42E+01 3.81E+02
6 1.48E+01 3.69E+02
6 1.54E+01 3.58E+02
6 1.60E+01 3.46E+02
6 1.67E+01 3.36E+02
6 1.74E+01 3.25E+02
6 1.81E+01 3.15E+02
6 1.89E+01 3.05E+02
6 1.97E+01 2.95E+02
6 2.05E+01 2.86E+02
6 2.13E+01 2.77E+02
6 2.22E+01 2.68E+02
6 2.31E+01 2.60E+02
6 2.41E+01 2.52E+02
6 2.51E+01 2.44E+02
6 2.61E+01 2.36E+02
6 2.72E+01 2.29E+02
6 2.83E+01 2.22E+02
6 2.95E+01 2.15E+02
6 3.07E+01 2.08E+02
6 3.20E+01 2.02E+02
6 3.33E+01 1.95E+02
6 3.47E+01 1.89E+02
6 3.61E+01 1.83E+02
6 3.76E+01 1.78E+02
6 3.91E+01 1.72E+02
6 4.07E+01 1.67E+02
6 4.24E+01 1.62E+02
6 4.41E+01 1.57E+02
6 4.59E+01 1.52E+02
6 4.78E+01 1.47E+02
6 4.98E+01 1.42E+02
6 5.18E+01 1.37E+02
6 5.39E+01 1.32E+02
6 5.61E+01 1.28E+02
6 5.84E+01 1.24E+02
6 6.08E+01 1.20E+02
6 6.32E+01 1.16E+02
6 6.58E+01 1.12E+02
6 6.85E+01 1.09E+02
6 7.12E+01 1.05E+02
6 7.41E+01 1.02E+02
6 7.71E+01 9.84E+01
6 8.02E+01 9.53E+01
6 8.34E+01 9.23E+01
6 8.68E+01 8.94E+01
6 9.03E+01 8.66E+01
6 9.38E+01 8.39E+01
6 9.76E+01 8.12E+01
6 1.02E+02 7.87E+01
6 1.06E+02 7.63E+01
6 1.10E+02 7.40E+01
6 1.14E+02 7.17E+01
6 1.19E+02 6.96E+01
6 1.23E+02 6.75E+01
6 1.28E+02 6.55E+01
6 1.33E+02 6.36E+01
6 1.38E+02 6.17E+01
6 1.44E+02 6.00E+01
6 1.49E+02 5.82E+01
6 1.55E+02 5.66E+01
6 1.61E+02 5.50E+01
6 1.68E+02 5.35E+01
6 1.74E+02 5.21E+01
6 1.81E+02 5.07E+01
6 1.88E+02 4.93E+01
6 1.95E+02 4.80E+01
6 2.02E+02 4.68E+01
6 2.10E+02 4.56E+01
6 2.18E+02 4.44E+01
6 2.26E+02 4.33E+01
6 2.35E+02 4.23E+01
6 2.43E+02 4.12E+01
6 2.53E+02 4.03E+01
6 2.62E+02 3.93E+01
6 2.72E+02 3.84E+01
6 2.82E+02 3.75E+01
6 2.92E+02 3.67E+01
6 3.03E+02 3.59E+01
6 3.14E+02 3.51E+01
6 3.25E+02 3.44E+01
6 3.37E+02 3.37E+01
6 3.50E+02 3.30E+01
6 3.62E+02 3.23E+01
6 3.75E+02 3.17E+01
6 3.88E+02 3.11E+01
6 4.02E+02 3.05E+01
6 4.17E+02 3.00E+01
6 4.31E+02 2.94E+01
6 4.46E+02 2.89E+01
6 4.62E+02 2.84E+01
6 4.78E+02 2.80E+01
6 4.95E+02 2.75E+01
6 5.12E+02 2.71E+01
6 5.29E+02 2.66E+01
6 5.47E+02 2.62E+01
6 5.66E+02 2.58E+01
6 5.85E+02 2.55E+01
6 6.05E+02 2.51E+01
6 6.25E+02 2.48E+01
6 6.46E+02 2.44E+01
6 6.67E+02 2.41E+01
6 6.89E+02 2.38E+01
6 7.11E+02 2.35E+01
6 7.35E+02 2.33E+01
6 7.59E+02 2.30E+01
6 7.83E+02 2.27E+01
6 8.08E+02 2.25E+01
6 8.34E+02 2.22E+01
6 8.61E+02 2.20E+01
6 8.88E+02 2.18E+01
6 9.16E+02 2.16E+01
6 9.44E+02 2.14E+01
6 9.73E+02 2.12E+01
6 1.00E+03 2.10E+01
6 1.04E+03 2.09E+01
6 1.07E+03 2.07E+01
6 1.10E+03 2.05E+01
6 1.13E+03 2.04E+01
6 1.17E+03 2.02E+01
6 1.20E+03 2.01E+01
6 1.24E+03 2.00E+01
6 1.27E+03 1.98E+01
6 1.31E+03 1.97E+01
6 1.35E+03 1.96E+01
6 1.39E+03 1.95E+01
6 1.43E+03 1.94E+01
6 1.47E+03 1.93E+01
6 1.51E+03 1.92E+01
6 1.56E+03 1.91E+01
6 1.60E+03 1.90E+01
6 1.65E+03 1.89E+01
6 1.69E+03 1.89E+01
6 1.74E+03 1.88E+01
6 1.79E+03 1.87E+01
6 1.84E+03 1.87E+01
6 1.89E+03 1.86E+01
6 1.94E+03 1.85E+01
6 2.00E+03 1.85E+01
6 2.05E+03 1.84E+01
6 2.11E+03 1.84E+01
6 2.17E+03 1.83E+01
6 2.22E+03 1.83E+01
6 2.28E+03 1.82E+01
6 2.34E+03 1.82E+01
6 2.41E+03 1.81E+01
6 2.47E+03 1.81E+01
6 2.54E+03 1.81E+01
6 2.60E+03 1.80E+01
6 2.67E+03 1.80E+01
6 2.74E+03 1.80E+01
6 2.81E+03 1.80E+01
6 2.89E+03 1.79E+01
6 2.96E+03 1.79E+01
6 3.04E+03 1.79E+01
6 3.11E+03 1.79E+01
6 3.19E+03 1.79E+01
6 3.27E+03 1.78E+01
6 3.36E+03 1.78E+01
6 3.44E+03 1.78E+01
6 3.53E+03 1.78E+01
6 3.62E+03 1.78E+01
6 3.71E+03 1.78E+01
6 3.80E+03 1.78E+01
5 1.23E-02 4.85E+02
5 1.28E-02 4.98E+02
5 1.33E-02 5.11E+02
5 1.39E-02 5.24E+02
5 1.45E-02 5.38E+02
5 1.51E-02 5.51E+02
5 1.57E-02 5.66E+02
5 1.63E-02 5.80E+02
5 1.70E-02 5.95E+02
5 1.77E-02 6.10E+02
5 1.85E-02 6.26E+02
5 1.93E-02 6.42E+02
5 2.01E-02 6.58E+02
5 2.09E-02 6.75E+02
5 2.18E-02 6.92E+02
5 2.27E-02 7.09E+02
5 2.37E-02 7.27E+02
5 2.46E-02 7.45E+02
5 2.57E-02 7.63E+02
5 2.68E-02 7.82E+02
5 2.79E-02 8.01E+02
5 2.90E-02 8.20E+02
5 3.03E-02 8.40E+02
5 3.15E-02 8.60E+02
5 3.28E-02 8.80E+02
5 3.42E-02 9.01E+02
5 3.57E-02 9.22E+02
5 3.72E-02 9.43E+02
5 3.87E-02 9.65E+02
5 4.03E-02 9.87E+02
5 4.20E-02 1.01E+03
5 4.38E-02 1.03E+03
5 4.56E-02 1.05E+03
5 4.75E-02 1.08E+03
5 4.95E-02 1.10E+03
5 5.16E-02 1.12E+03
5 5.38E-02 1.15E+03
5 5.60E-02 1.17E+03
5 5.84E-02 1.20E+03
5 6.08E-02 1.22E+03
5 6.34E-02 1.25E+03
5 6.60E-02 1.27E+03
5 6.88E-02 1.29E+03
5 7.17E-02 1.32E+03
5 7.47E-02 1.34E+03
5 7.78E-02 1.37E+03
5 8.11E-02 1.39E+03
5 8.45E-02 1.42E+03
5 8.80E-02 1.44E+03
5 9.17E-02 1.47E+03
5 9.55E-02 1.49E+03
5 9.95E-02 1.52E+03
5 1.04E-01 1.54E+03
5 1.08E-01 1.56E+03
5 1.13E-01 1.59E+03
5 1.17E-01 1.61E+03
5 1.22E-01 1.63E+03
5 1.27E-01 1.65E+03
5 1.33E-01 1.67E+03
5 1.38E-01 1.69E+03
5 1.44E-01 1.71E+03
5 1.50E-01 1.73E+03
5 1.56E-01 1.74E+03
5 1.63E-01 1.76E+03
5 1.70E-01 1.77E+03
5 1.77E-01 1.79E+03
5 1.84E-01 1.80E+03
5 1.92E-01 1.81E+03
5 2.00E-01 1.82E+03
5 2.08E-01 1.82E+03
5 2.17E-01 1.83E+03
5 2.26E-01 1.83E+03
5 2.36E-01 1.84E+03
5 2.46E-01 1.84E+03
5 2.56E-01 1.84E+03
5 2.67E-01 1.84E+03
5 2.78E-01 1.83E+03
5 2.90E-01 1.83E+03
5 3.02E-01 1.82E+03
5 3.14E-01 1.81E+03
5 3.27E-01 1.81E+03
5 3.41E-01 1.80E+03
5 3.55E-01 1.79E+03
5 3.70E-01 1.78E+03
5 3.86E-01 1.76E+03
5 4.02E-01 1.75E+03
5 4.19E-01 1.74E+03
5 4.36E-01 1.73E+03
5 4.55E-01 1.71E+03
5 4.74E-01 1.70E+03
5 4.94E-01 1.69E+03
5 5.14E-01 1.67E+03
5 5.36E-01 1.66E+03
5 5.58E-01 1.64E+03
5 5.82E-01 1.63E+03
5 6.06E-01 1.61E+03
5 6.32E-01 1.60E+03
5 6.58E-01 1.58E+03
5 6.86E-01 1.56E+03
5 7.14E-01 1.55E+03
5 7.44E-01 1.53E+03
5 7.75E-01 1.51E+03
5 8.08E-01 1.50E+03
5 8.42E-01 1.48E+03
5 8.77E-01 1.46E+03
5 9.14E-01 1.44E+03
5 9.52E-01 1.42E+03
5 9.92E-01 1.40E+03
5 1.03E+00 1.38E+03
5 1.08E+00 1.36E+03
5 1.12E+00 1.34E+03
5 1.17E+00 1.32E+03
5 1.22E+00 1.30E+03
5 1.27E+00 1.28E+03
5 1.32E+00 1.26E+03
5 1.38E+00 1.23E+03
5 1.44E+00 1.21E+03
5 1.50E+00 1.19E+03
5 1.56E+00 1.17E+03
5 1.62E+00 1.15E+03
5 1.69E+00 1.13E+03
5 1.76E+00 1.10E+03
5 1.84E+00 1.08E+03
5 1.91E+00 1.06E+03
5 1.99E+00 1.04E+03
5 2.08E+00 1.02E+03
5 2.16E+00 9.94E+02
5 2.25E+00 9.73E+02
5 2.35E+00 9.51E+02
5 2.45E+00 9.27E+02
5 2.55E+00 9.01E+02
5 2.66E+00 8.78E+02
5 2.77E+00 8.58E+02
5 2.88E+00 8.37E+02
5 3.00E+00 8.17E+02
5 3.13E+00 7.97E+02
5 3.26E+00 7.77E+02
5 3.40E+00 7.58E+02
5 3.54E+00 7.38E+02
5 3.69E+00 7.19E+02
5 3.84E+00 7.00E+02
5 4.00E+00 6.81E+02
5 4.17E+00 6.62E+02
5 4.34E+00 6.44E+02
5 4.52E+00 6.26E+02
5 4.71E+00 6.08E+02
5 4.91E+00 5.91E+02
5 5.12E+00 5.74E+02
5 5.33E+00 5.57E+02
5 5.55E+00 5.41E+02
5 5.78E+00 5.26E+02
5 6.03E+00 5.10E+02
5 6.28E+00 4.95E+02
5 6.54E+00 4.81E+02
5 6.81E+00 4.66E+02
5 7.10E+00 4.52E+02
5 7.39E+00 4.39E+02
5 7.70E+00 4.26E+02
5 8.02E+00 4.13E+02
5 8.36E+00 4.00E+02
5 8.71E+00 3.88E+02
5 9.07E+00 3.76E+02
5 9.45E+00 3.65E+02
5 9.84E+00 3.53E+02
5 1.03E+01 3.42E+02
5 1.07E+01 3.32E+02
5 1.11E+01 3.21E+02
5 1.16E+01 3.11E+02
5 1.21E+01 3.02E+02
5 1.26E+01 2.92E+02
5 1.31E+01 2.83E+02
5 1.36E+01 2.74E+02
5 1.42E+01 2.66E+02
5 1.48E+01 2.57E+02
5 1.54E+01 2.49E+02
5 1.61E+01 2.41E+02
5 1.67E+01 2.34E+02
5 1.74E+01 2.26E+02
5 1.81E+01 2.19E+02
5 1.89E+01 2.12E+02
5 1.97E+01 2.06E+02
5 2.05E+01 1.99E+02
5 2.13E+01 1.93E+02
5 2.22E+01 1.87E+02
5 2.32E+01 1.81E+02
5 2.41E+01 1.75E+02
5 2.51E+01 1.70E+02
5 2.61E+01 1.64E+02
5 2.72E+01 1.59E+02
5 2.84E+01 1.54E+02
5 2.95E+01 1.49E+02
5 3.07E+01 1.45E+02
5 3.20E+01 1.40E+02
5 3.33E+01 1.36E+02
5 3.47E+01 1.32E+02
5 3.61E+01 1.28E+02
5 3.76E+01 1.24E+02
5 3.92E+01 1.20E+02
5 4.08E+01 1.16E+02
5 4.24E+01 1.12E+02
5 4.42E+01 1.09E+02
5 4.60E+01 1.05E+02
5 4.79E+01 1.02E+02
5 4.98E+01 9.84E+01
5 5.18E+01 9.52E+01
5 5.40E+01 9.20E+01
5 5.62E+01 8.90E+01
5 5.84E+01 8.60E+01
5 6.08E+01 8.32E+01
5 6.33E+01 8.05E+01
5 6.58E+01 7.79E+01
5 6.85E+01 7.54E+01
5 7.13E+01 7.29E+01
5 7.42E+01 7.06E+01
5 7.72E+01 6.84E+01
5 8.03E+01 6.62E+01
5 8.35E+01 6.41E+01
5 8.68E+01 6.21E+01
5 9.03E+01 6.01E+01
5 9.39E+01 5.82E+01
5 9.77E+01 5.64E+01
5 1.02E+02 5.47E+01
5 1.06E+02 5.30E+01
5 1.10E+02 5.14E+01
5 1.14E+02 4.98E+01
5 1.19E+02 4.83E+01
5 1.23E+02 4.69E+01
5 1.28E+02 4.55E+01
5 1.33E+02 4.41E+01
5 1.39E+02 4.29E+01
5 1.44E+02 4.16E+01
5 1.50E+02 4.04E+01
5 1.55E+02 3.93E+01
5 1.61E+02 3.82E+01
5 1.68E+02 3.72E+01
5 1.74E+02 3.61E+01
5 1.81E+02 3.52E+01
5 1.88E+02 3.42E+01
5 1.95E+02 3.33E+01
5 2.02E+02 3.25E+01
5 2.10E+02 3.16E+01
5 2.18E+02 3.08E+01
5 2.26E+02 3.01E+01
5 2.35E+02 2.93E+01
5 2.44E+02 2.86E+01
5 2.53E+02 2.79E+01
5 2.62E+02 2.73E+01
5 2.72E+02 2.67E+01
5 2.82E+02 2.61E+01
5 2.92E+02 2.55E+01
5 3.03E+02 2.49E+01
5 3.14E+02 2.44E+01
5 3.26E+02 2.39E+01
5 3.38E+02 2.34E+01
5 3.50E+02 2.29E+01
5 3.62E+02 2.24E+01
5 3.75E+02 2.20E+01
5 3.89E+02 2.16E+01
5 4.03E+02 2.12E+01
5 4.17E+02 2.08E+01
5 4.31E+02 2.04E+01
5 4.47E+02 2.01E+01
5 4.62E+02 1.97E+01
5 4.78E+02 1.94E+01
5 4.95E+02 1.91E+01
5 5.12E+02 1.88E+01
5 5.29E+02 1.85E+01
5 5.48E+02 1.82E+01
5 5.66E+02 1.79E+01
5 5.85E+02 1.77E+01
5 6.05E+02 1.74E+01
5 6.25E+02 1.72E+01
5 6.46E+02 1.70E+01
5 6.67E+02 1.67E+01
5 6.89E+02 1.65E+01
5 7.12E+02 1.63E+01
5 7.35E+02 1.61E+01
5 7.59E+02 1.59E+01
5 7.83E+02 1.58E+01
5 8.09E+02 1.56E+01
5 8.34E+02 1.54E+01
5 8.61E+02 1.53E+01
5 8.88E+02 1.51E+01
5 9.16E+02 1.50E+01
5 9.45E+02 1.48E+01
5 9.74E+02 1.47E+01
5 1.00E+03 1.46E+01
5 1.04E+03 1.45E+01
5 1.07E+03 1.44E+01
5 1.10E+03 1.42E+01
5 1.13E+03 1.41E+01
5 1.17E+03 1.40E+01
5 1.20E+03 1.39E+01
5 1.24E+03 1.39E+01
5 1.28E+03 1.38E+01
5 1.31E+03 1.37E+01
5 1.35E+03 1.36E+01
5 1.39E+03 1.35E+01
5 1.43E+03 1.35E+01
5 1.47E+03 1.34E+01
5 1.52E+03 1.33E+01
5 1.56E+03 1.33E+01
5 1.60E+03 1.32E+01
5 1.65E+03 1.31E+01
5 1.70E+03 1.31E+01
5 1.74E+03 1.30E+01
5 1.79E+03 1.30E+01
5 1.84E+03 1.29E+01
5 1.89E+03 1.29E+01
5 1.95E+03 1.29E+01
5 2.00E+03 1.28E+01
5 2.05E+03 1.28E+01
5 2.11E+03 1.27E+01
5 2.17E+03 1.27E+01
5 2.23E+03 1.27E+01
5 2.29E+03 1.26E+01
5 2.35E+03 1.26E+01
5 2.41E+03 1.26E+01
5 2.47E+03 1.26E+01
5 2.54E+03 1.25E+01
5 2.61E+03 1.25E+01
5 2.67E+03 1.25E+01
5 2.74E+03 1.25E+01
5 2.81E+03 1.25E+01
5 2.89E+03 1.24E+01
5 2.96E+03 1.24E+01
5 3.04E+03 1.24E+01
5 3.12E+03 1.24E+01
5 3.20E+03 1.24E+01
5 3.28E+03 1.24E+01
5 3.36E+03 1.24E+01
5 3.45E+03 1.23E+01
5 3.53E+03 1.23E+01
5 3.62E+03 1.23E+01
5 3.71E+03 1.23E+01
5 3.80E+03 1.23E+01
4 1.23E-02 4.05E+02
4 1.28E-02 4.15E+02
4 1.33E-02 4.25E+02
4 1.39E-02 4.36E+02
4 1.44E-02 4.47E+02
4 1.50E-02 4.58E+02
4 1.57E-02 4.69E+02
4 1.63E-02 4.81E+02
4 1.70E-02 4.93E+02
4 1.77E-02 5.05E+02
4 1.85E-02 5.18E+02
4 1.92E-02 5.30E+02
4 2.00E-02 5.43E+02
4 2.09E-02 5.57E+02
4 2.18E-02 5.70E+02
4 2.27E-02 5.84E+02
4 2.36E-02 5.98E+02
4 2.46E-02 6.12E+02
4 2.56E-02 6.26E+02
4 2.67E-02 6.41E+02
4 2.78E-02 6.56E+02
4 2.90E-02 6.71E+02
4 3.02E-02 6.86E+02
4 3.15E-02 7.02E+02
4 3.28E-02 7.17E+02
4 3.41E-02 7.33E+02
4 3.56E-02 7.49E+02
4 3.71E-02 7.66E+02
4 3.86E-02 7.82E+02
4 4.02E-02 7.99E+02
4 4.19E-02 8.16E+02
4 4.37E-02 8.33E+02
4 4.55E-02 8.50E+02
4 4.74E-02 8.68E+02
4 4.94E-02 8.85E+02
4 5.15E-02 9.03E+02
4 5.36E-02 9.21E+02
4 5.58E-02 9.39E+02
4 5.82E-02 9.57E+02
4 6.06E-02 9.75E+02
4 6.32E-02 9.93E+02
4 6.58E-02 1.01E+03
4 6.86E-02 1.03E+03
4 7.14E-02 1.05E+03
4 7.44E-02 1.07E+03
4 7.75E-02 1.09E+03
4 8.08E-02 1.10E+03
4 8.41E-02 1.12E+03
4 8.77E-02 1.14E+03
4 9.13E-02 1.16E+03
4 9.52E-02 1.17E+03
4 9.91E-02 1.19E+03
4 1.03E-01 1.21E+03
4 1.08E-01 1.23E+03
4 1.12E-01 1.24E+03
4 1.17E-01 1.26E+03
4 1.22E-01 1.27E+03
4 1.27E-01 1.29E+03
4 1.32E-01 1.30E+03
4 1.38E-01 1.31E+03
4 1.43E-01 1.32E+03
4 1.49E-01 1.34E+03
4 1.56E-01 1.35E+03
4 1.62E-01 1.36E+03
4 1.69E-01 1.36E+03
4 1.76E-01 1.37E+03
4 1.83E-01 1.38E+03
4 1.91E-01 1.38E+03
4 1.99E-01 1.39E+03
4 2.07E-01 1.39E+03
4 2.16E-01 1.39E+03
4 2.25E-01 1.39E+03
4 2.35E-01 1.39E+03
4 2.44E-01 1.39E+03
4 2.55E-01 1.39E+03
4 2.65E-01 1.39E+03
4 2.76E-01 1.38E+03
4 2.88E-01 1.37E+03
4 3.00E-01 1.37E+03
4 3.12E-01 1.36E+03
4 3.26E-01 1.35E+03
4 3.39E-01 1.34E+03
4 3.53E-01 1.33E+03
4 3.68E-01 1.32E+03
4 3.84E-01 1.31E+03
4 4.00E-01 1.29E+03
4 4.16E-01 1.28E+03
4 4.34E-01 1.27E+03
4 4.52E-01 1.26E+03
4 4.71E-01 1.24E+03
4 4.90E-01 1.23E+03
4 5.11E-01 1.22E+03
4 5.32E-01 1.20E+03
4 5.55E-01 1.19E+03
4 5.78E-01 1.18E+03
4 6.02E-01 1.16E+03
4 6.27E-01 1.15E+03
4 6.53E-01 1.13E+03
4 6.81E-01 1.12E+03
4 7.09E-01 1.10E+03
4 7.39E-01 1.09E+03
4 7.70E-01 1.07E+03
4 8.02E-01 1.06E+03
4 8.36E-01 1.04E+03
4 8.71E-01 1.03E+03
4 9.07E-01 1.01E+03
4 9.45E-01 9.93E+02
4 9.84E-01 9.76E+02
4 1.03E+00 9.60E+02
4 1.07E+00 9.43E+02
4 1.11E+00 9.27E+02
4 1.16E+00 9.10E+02
4 1.21E+00 8.94E+02
4 1.26E+00 8.77E+02
4 1.31E+00 8.60E+02
4 1.37E+00 8.42E+02
4 1.42E+00 8.26E+02
4 1.48E+00 8.09E+02
4 1.55E+00 7.93E+02
4 1.61E+00 7.77E+02
4 1.68E+00 7.60E+02
4 1.75E+00 7.44E+02
4 1.82E+00 7.28E+02
4 1.90E+00 7.11E+02
4 1.98E+00 6.93E+02
4 2.06E+00 6.75E+02
4 2.14E+00 6.58E+02
4 2.23E+00 6.43E+02
4 2.33E+00 6.28E+02
4 2.42E+00 6.13E+02
4 2.53E+00 5.96E+02
4 2.63E+00 5.82E+02
4 2.74E+00 5.68E+02
4 2.86E+00 5.54E+02
4 2.98E+00 5.40E+02
4 3.10E+00 5.26E+02
4 3.23E+00 5.12E+02
4 3.36E+00 4.98E+02
4 3.50E+00 4.85E+02
4 3.65E+00 4.72E+02
4 3.80E+00 4.59E+02
4 3.96E+00 4.46E+02
4 4.13E+00 4.34E+02
4 4.30E+00 4.21E+02
4 4.48E+00 4.09E+02
4 4.67E+00 3.98E+02
4 4.86E+00 3.86E+02
4 5.06E+00 3.75E+02
4 5.28E+00 3.64E+02
4 5.50E+00 3.53E+02
4 5.72E+00 3.43E+02
4 5.96E+00 3.32E+02
4 6.21E+00 3.22E+02
4 6.47E+00 3.13E+02
4 6.74E+00 3.03E+02
4 7.02E+00 2.94E+02
4 7.32E+00 2.85E+02
4 7.62E+00 2.77E+02
4 7.94E+00 2.68E+02
4 8.27E+00 2.60E+02
4 8.61E+00 2.52E+02
4 8.97E+00 2.44E+02
4 9.34E+00 2.36E+02
4 9.73E+00 2.29E+02
4 1.01E+01 2.22E+02
4 1.06E+01 2.15E+02
4 1.10E+01 2.08E+02
4 1.15E+01 2.02E+02
4 1.19E+01 1.95E+02
4 1.24E+01 1.89E+02
4 1.30E+01 1.83E+02
4 1.35E+01 1.78E+02
4 1.41E+01 1.72E+02
4 1.46E+01 1.67E+02
4 1.52E+01 1.61E+02
4 1.59E+01 1.56E+02
4 1.65E+01 1.51E+02
4 1.72E+01 1.47E+02
4 1.79E+01 1.42E+02
4 1.87E+01 1.37E+02
4 1.94E+01 1.33E+02
4 2.03E+01 1.29E+02
4 2.11E+01 1.25E+02
4 2.20E+01 1.21E+02
4 2.29E+01 1.17E+02
4 2.38E+01 1.13E+02
4 2.48E+01 1.10E+02
4 2.58E+01 1.06E+02
4 2.69E+01 1.03E+02
4 2.80E+01 9.97E+01
4 2.92E+01 9.66E+01
4 3.04E+01 9.35E+01
4 3.16E+01 9.06E+01
4 3.29E+01 8.78E+01
4 3.43E+01 8.50E+01
4 3.57E+01 8.24E+01
4 3.71E+01 7.98E+01
4 3.86E+01 7.74E+01
4 4.02E+01 7.50E+01
4 4.19E+01 7.27E+01
4 4.36E+01 7.04E+01
4 4.54E+01 6.82E+01
4 4.72E+01 6.59E+01
4 4.91E+01 6.37E+01
4 5.12E+01 6.16E+01
4 5.32E+01 5.95E+01
4 5.54E+01 5.76E+01
4 5.77E+01 5.57E+01
4 6.00E+01 5.38E+01
4 6.24E+01 5.21E+01
4 6.49E+01 5.04E+01
4 6.76E+01 4.88E+01
4 7.03E+01 4.72E+01
4 7.31E+01 4.57E+01
4 7.61E+01 4.42E+01
4 7.91E+01 4.28E+01
4 8.23E+01 4.15E+01
4 8.56E+01 4.02E+01
4 8.90E+01 3.89E+01
4 9.26E+01 3.77E+01
4 9.63E+01 3.65E+01
4 1.00E+02 3.54E+01
4 1.04E+02 3.43E+01
4 1.08E+02 3.32E+01
4 1.13E+02 3.22E+01
4 1.17E+02 3.12E+01
4 1.22E+02 3.03E+01
4 1.26E+02 2.94E+01
4 1.31E+02 2.85E+01
4 1.37E+02 2.77E+01
4 1.42E+02 2.69E+01
4 1.47E+02 2.61E+01
4 1.53E+02 2.54E+01
4 1.59E+02 2.47E+01
4 1.65E+02 2.40E+01
4 1.72E+02 2.34E+01
4 1.78E+02 2.27E+01
4 1.85E+02 2.21E+01
4 1.92E+02 2.15E+01
4 1.99E+02 2.10E+01
4 2.07E+02 2.04E+01
4 2.15E+02 1.99E+01
4 2.23E+02 1.94E+01
4 2.31E+02 1.89E+01
4 2.40E+02 1.85E+01
4 2.49E+02 1.80E+01
4 2.58E+02 1.76E+01
4 2.68E+02 1.72E+01
4 2.78E+02 1.68E+01
4 2.88E+02 1.64E+01
4 2.99E+02 1.61E+01
4 3.10E+02 1.57E+01
4 3.21E+02 1.54E+01
4 3.33E+02 1.51E+01
4 3.45E+02 1.48E+01
4 3.57E+02 1.45E+01
4 3.70E+02 1.42E+01
4 3.83E+02 1.39E+01
4 3.97E+02 1.36E+01
4 4.11E+02 1.34E+01
4 4.25E+02 1.32E+01
4 4.40E+02 1.29E+01
4 4.55E+02 1.27E+01
4 4.71E+02 1.25E+01
4 4.88E+02 1.23E+01
4 5.04E+02 1.21E+01
4 5.22E+02 1.19E+01
4 5.40E+02 1.17E+01
4 5.58E+02 1.15E+01
4 5.77E+02 1.14E+01
4 5.96E+02 1.12E+01
4 6.16E+02 1.11E+01
4 6.37E+02 1.09E+01
4 6.58E+02 1.08E+01
4 6.79E+02 1.06E+01
4 7.02E+02 1.05E+01
4 7.24E+02 1.04E+01
4 7.48E+02 1.02E+01
4 7.72E+02 1.01E+01
4 7.97E+02 1.00E+01
4 8.22E+02 9.91E+00
4 8.49E+02 9.81E+00
4 8.75E+02 9.71E+00
4 9.03E+02 9.61E+00
4 9.31E+02 9.53E+00
4 9.60E+02 9.44E+00
4 9.90E+02 9.36E+00
4 1.02E+03 9.28E+00
4 1.05E+03 9.21E+00
4 1.08E+03 9.13E+00
4 1.12E+03 9.07E+00
4 1.15E+03 9.00E+00
4 1.19E+03 8.94E+00
4 1.22E+03 8.88E+00
4 1.26E+03 8.82E+00
4 1.29E+03 8.77E+00
4 1.33E+03 8.71E+00
4 1.37E+03 8.66E+00
4 1.41E+03 8.62E+00
4 1.45E+03 8.57E+00
4 1.49E+03 8.53E+00
4 1.54E+03 8.49E+00
4 1.58E+03 8.45E+00
4 1.63E+03 8.41E+00
4 1.67E+03 8.38E+00
4 1.72E+03 8.34E+00
4 1.77E+03 8.31E+00
4 1.82E+03 8.28E+00
4 1.87E+03 8.25E+00
4 1.92E+03 8.22E+00
4 1.97E+03 8.20E+00
4 2.03E+03 8.17E+00
4 2.08E+03 8.15E+00
4 2.14E+03 8.13E+00
4 2.19E+03 8.11E+00
4 2.25E+03 8.09E+00
4 2.31E+03 8.07E+00
4 2.38E+03 8.05E+00
4 2.44E+03 8.03E+00
4 2.50E+03 8.02E+00
4 2.57E+03 8.00E+00
4 2.64E+03 7.99E+00
4 2.71E+03 7.98E+00
4 2.78E+03 7.96E+00
4 2.85E+03 7.95E+00
4 2.92E+03 7.94E+00
4 3.00E+03 7.93E+00
4 3.07E+03 7.92E+00
4 3.15E+03 7.91E+00
4 3.23E+03 7.90E+00
4 3.31E+03 7.90E+00
4 3.40E+03 7.89E+00
4 3.48E+03 7.88E+00
4 3.57E+03 7.88E+00
4 3.66E+03 7.87E+00
4 3.75E+03 7.87E+00
4 3.85E+03 7.86E+00
3 1.23E-02 3.01E+02
3 1.28E-02 3.07E+02
3 1.33E-02 3.13E+02
3 1.39E-02 3.18E+02
3 1.45E-02 3.24E+02
3 1.51E-02 3.30E+02
3 1.57E-02 3.37E+02
3 1.64E-02 3.43E+02
3 1.71E-02 3.49E+02
3 1.78E-02 3.56E+02
3 1.85E-02 3.62E+02
3 1.93E-02 3.69E+02
3 2.01E-02 3.76E+02
3 2.10E-02 3.83E+02
3 2.18E-02 3.90E+02
3 2.28E-02 3.97E+02
3 2.37E-02 4.04E+02
3 2.47E-02 4.12E+02
3 2.57E-02 4.19E+02
3 2.68E-02 4.27E+02
3 2.80E-02 4.34E+02
3 2.91E-02 4.42E+02
3 3.04E-02 4.50E+02
3 3.16E-02 4.58E+02
3 3.30E-02 4.66E+02
3 3.43E-02 4.74E+02
3 3.58E-02 4.82E+02
3 3.73E-02 4.90E+02
3 3.89E-02 4.98E+02
3 4.05E-02 5.06E+02
3 4.22E-02 5.15E+02
3 4.40E-02 5.23E+02
3 4.58E-02 5.32E+02
3 4.77E-02 5.40E+02
3 4.97E-02 5.49E+02
3 5.18E-02 5.58E+02
3 5.40E-02 5.67E+02
3 5.63E-02 5.76E+02
3 5.86E-02 5.85E+02
3 6.11E-02 5.94E+02
3 6.37E-02 6.03E+02
3 6.63E-02 6.12E+02
3 6.91E-02 6.21E+02
3 7.20E-02 6.30E+02
3 7.50E-02 6.40E+02
3 7.82E-02 6.49E+02
3 8.15E-02 6.58E+02
3 8.49E-02 6.68E+02
3 8.85E-02 6.77E+02
3 9.22E-02 6.86E+02
3 9.61E-02 6.95E+02
3 1.00E-01 7.05E+02
3 1.04E-01 7.14E+02
3 1.09E-01 7.23E+02
3 1.13E-01 7.32E+02
3 1.18E-01 7.40E+02
3 1.23E-01 7.49E+02
3 1.28E-01 7.57E+02
3 1.33E-01 7.66E+02
3 1.39E-01 7.74E+02
3 1.45E-01 7.82E+02
3 1.51E-01 7.89E+02
3 1.57E-01 7.97E+02
3 1.64E-01 8.04E+02
3 1.71E-01 8.10E+02
3 1.78E-01 8.17E+02
3 1.86E-01 8.23E+02
3 1.93E-01 8.29E+02
3 2.02E-01 8.34E+02
3 2.10E-01 8.39E+02
3 2.19E-01 8.44E+02
3 2.28E-01 8.48E+02
3 2.38E-01 8.51E+02
3 2.48E-01 8.54E+02
3 2.58E-01 8.57E+02
3 2.69E-01 8.59E+02
3 2.80E-01 8.60E+02
3 2.92E-01 8.61E+02
3 3.04E-01 8.62E+02
3 3.17E-01 8.62E+02
3 3.30E-01 8.61E+02
3 3.44E-01 8.60E+02
3 3.58E-01 8.59E+02
3 3.73E-01 8.57E+02
3 3.89E-01 8.55E+02
3 4.05E-01 8.52E+02
3 4.22E-01 8.49E+02
3 4.40E-01 8.45E+02
3 4.59E-01 8.41E+02
3 4.78E-01 8.37E+02
3 4.98E-01 8.31E+02
3 5.19E-01 8.26E+02
3 5.41E-01 8.20E+02
3 5.63E-01 8.13E+02
3 5.87E-01 8.05E+02
3 6.12E-01 7.97E+02
3 6.37E-01 7.88E+02
3 6.64E-01 7.79E+02
3 6.92E-01 7.69E+02
3 7.21E-01 7.58E+02
3 7.51E-01 7.46E+02
3 7.83E-01 7.34E+02
3 8.16E-01 7.22E+02
3 8.50E-01 7.09E+02
3 8.86E-01 6.96E+02
3 9.23E-01 6.82E+02
3 9.62E-01 6.67E+02
3 1.00E+00 6.53E+02
3 1.04E+00 6.38E+02
3 1.09E+00 6.23E+02
3 1.13E+00 6.08E+02
3 1.18E+00 5.93E+02
3 1.23E+00 5.78E+02
3 1.28E+00 5.63E+02
3 1.34E+00 5.49E+02
3 1.39E+00 5.34E+02
3 1.45E+00 5.19E+02
3 1.51E+00 5.05E+02
3 1.58E+00 4.90E+02
3 1.64E+00 4.75E+02
3 1.71E+00 4.61E+02
3 1.78E+00 4.49E+02
3 1.86E+00 4.36E+02
3 1.94E+00 4.24E+02
3 2.02E+00 4.12E+02
3 2.10E+00 4.01E+02
3 2.19E+00 3.89E+02
3 2.28E+00 3.78E+02
3 2.38E+00 3.68E+02
3 2.48E+00 3.58E+02
3 2.58E+00 3.47E+02
3 2.69E+00 3.37E+02
3 2.80E+00 3.27E+02
3 2.92E+00 3.18E+02
3 3.04E+00 3.09E+02
3 3.17E+00 3.00E+02
3 3.30E+00 2.92E+02
3 3.44E+00 2.83E+02
3 3.58E+00 2.75E+02
3 3.73E+00 2.67E+02
3 3.89E+00 2.59E+02
3 4.05E+00 2.52E+02
3 4.22E+00 2.44E+02
3 4.40E+00 2.37E+02
3 4.59E+00 2.30E+02
3 4.78E+00 2.23E+02
3 4.98E+00 2.16E+02
3 5.19E+00 2.10E+02
3 5.40E+00 2.03E+02
3 5.63E+00 1.97E+02
3 5.86E+00 1.91E+02
3 6.11E+00 1.85E+02
3 6.37E+00 1.80E+02
3 6.63E+00 1.74E+02
3 6.91E+00 1.69E+02
3 7.20E+00 1.64E+02
3 7.50E+00 1.58E+02
3 7.81E+00 1.54E+02
3 8.14E+00 1.49E+02
3 8.48E+00 1.44E+02
3 8.84E+00 1.40E+02
3 9.21E+00 1.35E+02
3 9.59E+00 1.31E+02
3 9.99E+00 1.27E+02
3 1.04E+01 1.23E+02
3 1.08E+01 1.19E+02
3 1.13E+01 1.15E+02
3 1.18E+01 1.12E+02
3 1.23E+01 1.08E+02
3 1.28E+01 1.05E+02
3 1.33E+01 1.01E+02
3 1.39E+01 9.81E+01
3 1.44E+01 9.49E+01
3 1.50E+01 9.19E+01
3 1.57E+01 8.90E+01
3 1.63E+01 8.62E+01
3 1.70E+01 8.34E+01
3 1.77E+01 8.08E+01
3 1.84E+01 7.82E+01
3 1.92E+01 7.57E+01
3 2.00E+01 7.33E+01
3 2.08E+01 7.10E+01
3 2.17E+01 6.87E+01
3 2.26E+01 6.65E+01
3 2.35E+01 6.44E+01
3 2.45E+01 6.24E+01
3 2.55E+01 6.04E+01
3 2.66E+01 5.85E+01
3 2.77E+01 5.67E+01
3 2.88E+01 5.49E+01
3 3.00E+01 5.31E+01
3 3.13E+01 5.15E+01
3 3.26E+01 4.99E+01
3 3.39E+01 4.83E+01
3 3.53E+01 4.68E+01
3 3.68E+01 4.53E+01
3 3.83E+01 4.39E+01
3 3.98E+01 4.26E+01
3 4.15E+01 4.12E+01
3 4.32E+01 4.00E+01
3 4.50E+01 3.87E+01
3 4.68E+01 3.74E+01
3 4.87E+01 3.61E+01
3 5.07E+01 3.49E+01
3 5.28E+01 3.38E+01
3 5.49E+01 3.26E+01
3 5.72E+01 3.16E+01
3 5.95E+01 3.05E+01
3 6.19E+01 2.95E+01
3 6.45E+01 2.86E+01
3 6.71E+01 2.76E+01
3 6.98E+01 2.67E+01
3 7.26E+01 2.59E+01
3 7.55E+01 2.50E+01
3 7.86E+01 2.42E+01
3 8.18E+01 2.35E+01
3 8.51E+01 2.27E+01
3 8.85E+01 2.20E+01
3 9.20E+01 2.13E+01
3 9.57E+01 2.07E+01
3 9.95E+01 2.00E+01
3 1.04E+02 1.94E+01
3 1.08E+02 1.88E+01
3 1.12E+02 1.82E+01
3 1.16E+02 1.77E+01
3 1.21E+02 1.71E+01
3 1.26E+02 1.66E+01
3 1.31E+02 1.61E+01
3 1.36E+02 1.57E+01
3 1.41E+02 1.52E+01
3 1.47E+02 1.48E+01
3 1.52E+02 1.43E+01
3 1.58E+02 1.39E+01
3 1.65E+02 1.36E+01
3 1.71E+02 1.32E+01
3 1.78E+02 1.28E+01
3 1.84E+02 1.25E+01
3 1.91E+02 1.21E+01
3 1.99E+02 1.18E+01
3 2.06E+02 1.15E+01
3 2.14E+02 1.12E+01
3 2.22E+02 1.09E+01
3 2.31E+02 1.07E+01
3 2.39E+02 1.04E+01
3 2.48E+02 1.02E+01
3 2.58E+02 9.92E+00
3 2.67E+02 9.69E+00
3 2.77E+02 9.47E+00
3 2.88E+02 9.25E+00
3 2.98E+02 9.05E+00
3 3.09E+02 8.85E+00
3 3.20E+02 8.66E+00
3 3.32E+02 8.48E+00
3 3.44E+02 8.31E+00
3 3.57E+02 8.14E+00
3 3.70E+02 7.98E+00
3 3.83E+02 7.82E+00
3 3.96E+02 7.68E+00
3 4.11E+02 7.53E+00
3 4.25E+02 7.40E+00
3 4.40E+02 7.27E+00
3 4.55E+02 7.14E+00
3 4.71E+02 7.02E+00
3 4.88E+02 6.90E+00
3 5.05E+02 6.79E+00
3 5.22E+02 6.68E+00
3 5.40E+02 6.58E+00
3 5.58E+02 6.48E+00
3 5.77E+02 6.39E+00
3 5.97E+02 6.29E+00
3 6.17E+02 6.21E+00
3 6.37E+02 6.12E+00
3 6.59E+02 6.04E+00
3 6.80E+02 5.97E+00
3 7.03E+02 5.89E+00
3 7.26E+02 5.82E+00
3 7.49E+02 5.75E+00
3 7.74E+02 5.69E+00
3 7.99E+02 5.62E+00
3 8.24E+02 5.56E+00
3 8.51E+02 5.51E+00
3 8.78E+02 5.45E+00
3 9.05E+02 5.40E+00
3 9.34E+02 5.35E+00
3 9.63E+02 5.30E+00
3 9.93E+02 5.26E+00
3 1.02E+03 5.21E+00
3 1.06E+03 5.17E+00
3 1.09E+03 5.13E+00
3 1.12E+03 5.09E+00
3 1.15E+03 5.05E+00
3 1.19E+03 5.02E+00
3 1.23E+03 4.98E+00
3 1.26E+03 4.95E+00
3 1.30E+03 4.92E+00
3 1.34E+03 4.89E+00
3 1.38E+03 4.86E+00
3 1.42E+03 4.84E+00
3 1.46E+03 4.81E+00
3 1.50E+03 4.79E+00
3 1.54E+03 4.77E+00
3 1.59E+03 4.74E+00
3 1.63E+03 4.72E+00
3 1.68E+03 4.70E+00
3 1.73E+03 4.68E+00
3 1.78E+03 4.67E+00
3 1.83E+03 4.65E+00
3 1.88E+03 4.63E+00
3 1.93E+03 4.62E+00
3 1.98E+03 4.60E+00
3 2.04E+03 4.59E+00
3 2.09E+03 4.58E+00
3 2.15E+03 4.56E+00
3 2.21E+03 4.55E+00
3 2.27E+03 4.54E+00
3 2.33E+03 4.53E+00
3 2.39E+03 4.52E+00
3 2.45E+03 4.51E+00
3 2.52E+03 4.50E+00
3 2.59E+03 4.49E+00
3 2.65E+03 4.49E+00
3 2.72E+03 4.48E+00
3 2.79E+03 4.47E+00
3 2.87E+03 4.47E+00
3 2.94E+03 4.46E+00
3 3.02E+03 4.45E+00
3 3.09E+03 4.45E+00
3 3.17E+03 4.44E+00
3 3.25E+03 4.44E+00
3 3.34E+03 4.44E+00
3 3.42E+03 4.43E+00
3 3.51E+03 4.43E+00
3 3.60E+03 4.42E+00
3 3.69E+03 4.42E+00
3 3.78E+03 4.42E+00
3 3.87E+03 4.42E+00
3 3.97E+03 4.41E+00
3 4.07E+03 4.41E+00
